Centroid 1:-[9.39375000e-02 1.37520833e-01 3.41583333e-01 1.54145833e-01
 4.39437500e-01 1.35437500e-01 1.87270833e-01 1.36166667e-01
 6.82291667e-02 2.62958333e-01 8.29166667e-02 5.38145833e-01
 1.37125000e-01 3.80833333e-02 3.55416667e-02 3.04145833e-01
 3.15104167e-01 2.46916667e-01 1.67768750e+00 1.50125000e-01
 9.79166667e-01 1.14708333e-01 1.58750000e-01 9.25625000e-02
 4.72479167e-01 2.15416667e-01 8.84166667e-02 8.89375000e-02
 4.86666667e-02 7.59791667e-02 3.61666667e-02 2.73958333e-02
 1.05270833e-01 2.80625000e-02 7.07291667e-02 8.61666667e-02
 1.63645833e-01 8.39583333e-03 3.83750000e-02 6.16875000e-02
 1.07291667e-02 2.97291667e-02 4.68750000e-02 4.16041667e-02
 1.40729167e-01 1.07375000e-01 2.27083333e-03 2.11666667e-02
 3.14583333e-02 1.48895833e-01 1.81625000e-02 3.02537500e-01
 1.08202083e-01 3.85312500e-02 4.00436042e+00 5.00729167e+01
 2.29037500e+02 6.02083333e-01]
Centroid 2:-[1.38917526e-01 1.63505155e-01 3.62113402e-01 2.19742268e-01
 2.82783505e-01 1.38402062e-01 8.21134021e-02 1.54690722e-01
 4.01288660e-01 4.94226804e-01 1.05876289e-01 5.39896907e-01
 1.34381443e-01 9.00515464e-02 1.65412371e-01 2.61340206e-01
 1.23402062e-01 3.86391753e-01 1.47757732e+00 2.29175258e-01
 9.89845361e-01 8.18969072e-01 1.74742268e-01 1.78608247e-01
 3.96134021e-01 1.47628866e-01 2.73195876e-02 2.03092784e-02
 5.97938144e-03 2.02577320e-02 2.26288660e-02 1.44329897e-03
 9.52577320e-02 2.42268041e-03 1.08762887e-01 2.75773196e-02
 1.34639175e-01 1.13402062e-03 2.32474227e-02 3.05154639e-02
 8.40206186e-03 2.69587629e-02 8.91752577e-03 1.12886598e-02
 3.77319588e-02 3.68556701e-02 9.07216495e-03 2.92268041e-02
 4.76804124e-02 1.22644330e-01 3.93298969e-02 3.17706186e-01
 1.59608247e-01 9.85051546e-02 6.91474742e+00 1.30010309e+02
 1.07896392e+03 6.80412371e-01]
Centroid 3:-[1.96993007e-01 1.71958042e-01 5.42027972e-01 4.82517483e-03
 4.75104895e-01 2.80279720e-01 1.46503497e-01 1.69510490e-01
 4.20139860e-01 4.31678322e-01 1.75384615e-01 5.65874126e-01
 2.09930070e-01 2.45944056e-01 4.72517483e-01 3.09090909e-01
 2.01818182e-01 4.17902098e-01 1.71685315e+00 4.31748252e-01
 9.03426573e-01 2.30139860e-01 4.19650350e-01 2.27902098e-01
 1.78741259e-01 4.76223776e-02 1.22377622e-02 4.40559441e-03
 1.18881119e-03 1.11888112e-02 2.51748252e-03 0.00000000e+00
 6.08391608e-02 3.56643357e-03 5.66433566e-03 4.60139860e-02
 9.08391608e-02 3.77622378e-03 7.48251748e-03 3.68531469e-02
 7.34265734e-03 1.60839161e-03 4.03496503e-02 1.32867133e-02
 4.53846154e-02 5.34265734e-02 1.25874126e-03 1.62937063e-02
 2.14265734e-02 9.46433566e-02 1.44615385e-02 3.49202797e-01
 2.31531469e-01 6.43496503e-02 5.45744755e+01 4.87699301e+02
 1.74151748e+03 8.25174825e-01]
Centroid 4:-[1.19302326e-01 9.40568475e-02 2.73023256e-01 0.00000000e+00
 2.27868217e-01 6.05297158e-02 1.06240310e-01 5.20413437e-02
 2.49870801e-02 1.93062016e-01 5.93927649e-02 6.23204134e-01
 8.01033592e-02 3.45994832e-02 1.55038760e-02 2.29534884e-01
 6.15762274e-02 1.41317829e-01 1.75624031e+00 1.14987080e-02
 7.76485788e-01 0.00000000e+00 4.55038760e-02 8.35271318e-02
 9.46033592e-01 4.78178295e-01 3.65930233e-01 2.63436693e-01
 2.43100775e-01 2.60361757e-01 2.02441860e-01 1.54263566e-01
 9.86821705e-02 1.54263566e-01 2.52751938e-01 2.19108527e-01
 1.76201550e-01 1.18217054e-02 1.52803618e-01 1.56744186e-01
 7.03359173e-02 2.20038760e-01 4.51291990e-02 1.18617571e-01
 3.50439276e-01 1.92777778e-01 1.31782946e-03 3.30103359e-02
 1.80361757e-02 1.60776486e-01 1.23126615e-02 1.93556848e-01
 4.26705426e-02 3.30000000e-02 2.19274935e+00 9.92506460e+00
 4.07093023e+01 2.27390181e-01]
Centroid 5:-[1.12304147e-01 1.07572965e-01 3.12580645e-01 5.00768049e-03
 4.35345622e-01 1.49324117e-01 1.41459293e-01 1.06251920e-01
 4.53149002e-02 2.04193548e-01 4.74961598e-02 5.30307220e-01
 8.46236559e-02 1.02611367e-02 3.54377880e-02 2.98955453e-01
 1.59462366e-01 1.96881720e-01 1.68385561e+00 7.58525346e-02
 9.88817204e-01 3.03379416e-02 1.40153610e-01 9.16436252e-02
 5.24823349e-01 3.28786482e-01 2.05791091e-01 1.59385561e-01
 8.60215054e-02 1.22196621e-01 5.72350230e-02 5.27496160e-02
 8.39324117e-02 5.57296467e-02 1.16374808e-01 1.14516129e-01
 1.55284178e-01 2.02764977e-03 1.09093702e-01 7.11520737e-02
 6.17972350e-02 4.31336406e-02 8.00768049e-02 3.78033794e-02
 2.47726575e-01 1.50445469e-01 4.51612903e-03 3.11674347e-02
 2.89539171e-02 1.44574501e-01 1.96620584e-02 2.54639017e-01
 7.56943164e-02 5.07373272e-02 3.03847312e+00 2.51029186e+01
 1.36161290e+02 4.86943164e-01]
Centroid 6:-[1.68487973e-01 1.87594502e-01 4.12164948e-01 1.56735395e-01
 3.18969072e-01 1.32920962e-01 8.61855670e-02 1.56048110e-01
 2.56529210e-01 4.07731959e-01 8.97594502e-02 7.93298969e-01
 1.32989691e-01 1.36941581e-01 9.70103093e-02 2.67869416e-01
 2.36357388e-01 1.33951890e-01 1.57178694e+00 1.49450172e-01
 1.28628866e+00 1.09656357e-01 1.44123711e-01 1.71512027e-01
 6.89725086e-01 1.46632302e-01 1.67010309e-02 1.36769759e-02
 9.51890034e-03 2.07560137e-02 1.17182131e-02 1.99312715e-03
 7.98969072e-02 3.02405498e-03 2.29896907e-02 5.25085911e-02
 1.35051546e-01 1.19243986e-02 2.03092784e-02 2.40206186e-02
 3.73539519e-02 8.78006873e-02 1.77319588e-02 1.36426117e-02
 5.63917526e-02 1.20756014e-01 1.03092784e-02 2.17525773e-02
 8.67835052e-02 1.61247423e-01 1.54948454e-02 5.56250859e-01
 1.60295533e-01 5.04501718e-02 8.40300000e+00 1.16487973e+02
 6.42780069e+02 6.18556701e-01]
Centroid 7:-[4.32194046e-02 6.01521499e-01 1.69955899e-01 0.00000000e+00
 2.27188534e-01 3.06725469e-02 2.45865491e-02 4.00882029e-02
 1.05843440e-02 1.14740904e-01 5.84343991e-03 4.01576626e-01
 4.20066152e-02 5.58765160e-02 1.87431092e-03 1.67816979e-01
 1.56229327e-02 9.95479603e-02 1.58777288e+00 3.10474090e-02
 4.00650496e-01 0.00000000e+00 2.33737596e-03 5.21389195e-02
 2.78103638e-01 1.32932745e-01 3.16285557e+00 1.12679162e-02
 1.22160970e-01 2.83792723e-02 1.37816979e-02 0.00000000e+00
 9.42447630e-02 0.00000000e+00 3.52149945e-02 1.31532525e-02
 3.25468578e-02 3.32745314e-02 5.56670342e-02 4.79603087e-03
 6.15876516e-02 3.21422271e-01 1.95700110e-02 1.48985667e-01
 6.59944873e-01 2.90749724e-01 5.61190739e-03 4.69680265e-02
 1.77574421e-02 8.67629548e-02 1.70915105e-02 2.15035281e-01
 4.67585447e-03 1.37265711e-03 1.46151819e+00 3.24586549e+00
 1.15942668e+01 7.16648291e-02]
Centroid 8:-[1.18809524e-01 1.39391534e-01 3.13994709e-01 3.38121693e-01
 3.98783069e-01 1.12407407e-01 2.21243386e-01 1.52539683e-01
 1.81534392e-01 3.05370370e-01 1.05291005e-01 5.74523810e-01
 9.38095238e-02 3.17989418e-02 4.26190476e-02 2.90714286e-01
 3.02566138e-01 2.14603175e-01 1.71849206e+00 1.40026455e-01
 9.52486772e-01 6.19788360e-01 1.50740741e-01 1.13703704e-01
 4.78571429e-01 1.72433862e-01 8.00000000e-02 5.06084656e-02
 3.44708995e-02 3.87830688e-02 4.44973545e-02 1.41269841e-02
 5.55291005e-02 1.47089947e-02 4.90476190e-02 6.30423280e-02
 1.44603175e-01 1.92592593e-02 3.65608466e-02 8.57671958e-02
 2.20370370e-02 3.66137566e-02 2.62962963e-02 2.35978836e-02
 1.04021164e-01 1.08412698e-01 1.02910053e-02 2.56349206e-02
 1.53632275e-01 1.40320106e-01 1.52751323e-02 2.66761905e-01
 1.11071429e-01 1.08216931e-01 7.59343122e+00 7.28465608e+01
 3.92576720e+02 5.87301587e-01]
Centroid 9:-[9.21751026e-02 7.55403557e-02 2.15909713e-01 3.66621067e-03
 2.59302326e-01 6.92749658e-02 1.26484268e-01 1.49261286e-01
 4.28590971e-02 2.42790698e-01 4.72640219e-02 5.17824897e-01
 8.82626539e-02 4.39534884e-02 3.71682627e-02 2.51463748e-01
 1.22859097e-01 1.95362517e-01 1.66396717e+00 4.15047880e-02
 7.52393981e-01 1.88235294e-02 6.61559508e-02 5.95075239e-02
 6.66019152e-01 3.64938440e-01 2.18372093e-01 2.54569083e-01
 8.14774282e-02 1.41627907e-01 6.72229822e-02 5.93433653e-02
 1.29083447e-01 5.93433653e-02 1.37592339e-01 1.34856361e-01
 1.95923393e-01 6.12859097e-03 1.06525308e-01 6.19562244e-02
 3.03556772e-02 8.13816689e-02 8.47879617e-02 1.02777018e-01
 2.94924761e-01 2.34459644e-01 7.68809850e-03 2.96169631e-02
 1.95622435e-02 1.61664843e-01 1.52859097e-02 2.65792066e-01
 5.50834473e-02 4.81409029e-02 2.67921067e+00 1.70205198e+01
 7.92968536e+01 3.74829001e-01]
Centroid 10:-[2.85961538e-01 1.31730769e-01 2.72307692e-01 8.36538462e-02
 7.42307692e-02 1.07884615e-01 1.75000000e-02 1.31923077e-01
 2.05384615e-01 3.79230769e-01 1.37884615e-01 5.77500000e-01
 3.15192308e-01 5.90000000e-01 2.67307692e-02 1.52115385e-01
 2.57500000e-01 1.15769231e-01 1.74807692e+00 4.38461538e-02
 8.08269231e-01 2.13461538e-01 4.17307692e-01 2.70576923e-01
 8.59615385e-02 5.46153846e-02 4.61538462e-03 1.34615385e-03
 1.92307692e-03 3.46153846e-03 0.00000000e+00 0.00000000e+00
 2.79615385e-01 2.69230769e-03 0.00000000e+00 2.76923077e-02
 1.59423077e-01 1.34615385e-03 7.50000000e-03 1.55769231e-02
 2.23076923e-02 6.92307692e-03 4.03846154e-03 1.44230769e-02
 4.17307692e-02 5.13461538e-02 8.84615385e-03 4.53846154e-02
 6.78076923e-02 2.97846154e-01 7.71153846e-03 2.61288462e-01
 3.33711538e-01 1.18038462e-01 1.04525577e+01 3.88557692e+02
 4.05855769e+03 7.69230769e-01]
