Centroid 1:-[8.65250965e-02 1.33011583e-01 3.49787645e-01 1.40907336e-01
 4.31003861e-01 1.32876448e-01 1.83513514e-01 1.27239382e-01
 6.35328185e-02 2.52471042e-01 7.81853282e-02 5.53899614e-01
 1.24864865e-01 3.57335907e-02 3.93436293e-02 2.92046332e-01
 2.89942085e-01 2.41081081e-01 1.69160232e+00 1.44710425e-01
 1.01474903e+00 1.09980695e-01 1.62548263e-01 9.33976834e-02
 4.96312741e-01 2.31930502e-01 8.98648649e-02 9.54054054e-02
 5.43243243e-02 8.63899614e-02 3.68918919e-02 2.70077220e-02
 1.06737452e-01 2.76254826e-02 7.56563707e-02 8.86100386e-02
 1.72567568e-01 7.41312741e-03 5.11389961e-02 6.37451737e-02
 4.02895753e-02 3.39382239e-02 5.24903475e-02 4.00579151e-02
 1.48359073e-01 1.41544402e-01 2.10424710e-03 2.60231660e-02
 4.26891892e-02 1.43916988e-01 1.72702703e-02 2.89277992e-01
 1.06106178e-01 3.82857143e-02 3.98039961e+00 4.72760618e+01
 2.18345560e+02 5.81081081e-01]
Centroid 2:-[1.38917526e-01 1.61288660e-01 3.62319588e-01 2.19742268e-01
 2.87113402e-01 1.30515464e-01 8.00515464e-02 1.51082474e-01
 3.93041237e-01 4.92164948e-01 1.05360825e-01 5.44226804e-01
 1.35257732e-01 9.07731959e-02 1.49948454e-01 2.63402062e-01
 1.25618557e-01 3.69896907e-01 1.46907216e+00 2.27113402e-01
 9.92474227e-01 8.18969072e-01 1.74072165e-01 1.76546392e-01
 4.11752577e-01 1.47628866e-01 2.73195876e-02 2.08247423e-02
 5.97938144e-03 2.02577320e-02 2.26288660e-02 1.44329897e-03
 9.52577320e-02 2.42268041e-03 1.08762887e-01 2.79381443e-02
 1.35721649e-01 1.13402062e-03 2.32474227e-02 3.10309278e-02
 8.40206186e-03 2.69587629e-02 6.85567010e-03 1.12886598e-02
 3.77319588e-02 3.68556701e-02 9.07216495e-03 2.92268041e-02
 4.82010309e-02 1.22577320e-01 3.93298969e-02 3.17134021e-01
 1.59902062e-01 9.89948454e-02 6.90545876e+00 1.23680412e+02
 1.07531443e+03 6.75257732e-01]
Centroid 3:-[1.97681159e-01 1.76449275e-01 5.53478261e-01 4.05797101e-03
 4.90652174e-01 3.00797101e-01 1.53695652e-01 1.78043478e-01
 4.36376812e-01 4.45652174e-01 1.80507246e-01 5.79492754e-01
 2.10507246e-01 2.38478261e-01 5.11376812e-01 3.16304348e-01
 2.05144928e-01 4.50942029e-01 1.75572464e+00 4.50144928e-01
 9.29275362e-01 2.38478261e-01 4.25869565e-01 2.31521739e-01
 1.66521739e-01 3.00724638e-02 1.24637681e-02 4.42028986e-03
 1.08695652e-03 1.15942029e-02 2.60869565e-03 0.00000000e+00
 3.44202899e-02 3.69565217e-03 5.86956522e-03 4.36956522e-02
 6.41304348e-02 3.55072464e-03 7.75362319e-03 3.13043478e-02
 6.44927536e-03 1.23188406e-03 4.39855072e-02 1.27536232e-02
 4.25362319e-02 5.08695652e-02 1.15942029e-03 1.26811594e-02
 1.80217391e-02 9.19855072e-02 1.32971014e-02 3.60340580e-01
 2.34210145e-01 6.49492754e-02 5.60395942e+01 5.00847826e+02
 1.68935507e+03 8.40579710e-01]
Centroid 4:-[1.19287149e-01 8.81224900e-02 2.51184739e-01 2.69076305e-03
 2.26626506e-01 6.03514056e-02 1.28082329e-01 1.12148594e-01
 2.74297189e-02 2.45491968e-01 6.38955823e-02 5.81485944e-01
 9.55020080e-02 3.66666667e-02 2.38554217e-02 2.02811245e-01
 1.00763052e-01 1.68162651e-01 1.68796185e+00 1.93875502e-02
 8.08654618e-01 2.59036145e-03 5.47489960e-02 6.47489960e-02
 6.57761044e-01 3.55331325e-01 2.64769076e-01 2.46255020e-01
 1.14578313e-01 1.83433735e-01 1.00722892e-01 6.94578313e-02
 1.43423695e-01 6.94578313e-02 1.77881526e-01 1.43263052e-01
 2.13594378e-01 5.59236948e-03 1.51425703e-01 7.77409639e-02
 4.57630522e-02 1.25361446e-01 7.29618474e-02 1.02921687e-01
 2.88202811e-01 2.24728916e-01 3.31325301e-03 3.36144578e-02
 1.72981928e-02 1.64204819e-01 1.42449799e-02 2.43746988e-01
 5.68534137e-02 4.35552209e-02 2.48305723e+00 1.37098394e+01
 6.04066265e+01 3.08232932e-01]
Centroid 5:-[1.08919598e-01 1.14145729e-01 2.84020101e-01 4.09547739e-03
 4.09296482e-01 1.34723618e-01 1.45741206e-01 1.09824121e-01
 5.08165829e-02 2.19057789e-01 5.23743719e-02 5.17814070e-01
 8.29396985e-02 1.68969849e-02 4.18844221e-02 3.48505025e-01
 1.52713568e-01 2.01180905e-01 1.71560302e+00 7.24120603e-02
 9.56633166e-01 3.54396985e-02 1.20603015e-01 9.06909548e-02
 5.25414573e-01 3.34673367e-01 2.20690955e-01 1.81180905e-01
 8.28517588e-02 1.19183417e-01 6.28391960e-02 6.51633166e-02
 8.11180905e-02 6.76005025e-02 1.18668342e-01 1.22801508e-01
 1.38379397e-01 3.66834171e-03 1.02437186e-01 7.01758794e-02
 3.52889447e-02 4.92336683e-02 7.94221106e-02 6.52638191e-02
 2.50665829e-01 1.63881910e-01 6.60804020e-03 2.31030151e-02
 1.91419598e-02 1.44731156e-01 1.82713568e-02 2.58983668e-01
 6.45515075e-02 5.48291457e-02 2.91110678e+00 2.34987437e+01
 1.22497487e+02 4.73618090e-01]
Centroid 6:-[1.69047619e-01 1.85476190e-01 4.12244898e-01 1.55136054e-01
 3.19897959e-01 1.31394558e-01 9.03741497e-02 1.56802721e-01
 2.59013605e-01 4.02176871e-01 8.81972789e-02 7.86462585e-01
 1.32108844e-01 1.35068027e-01 9.56802721e-02 2.68809524e-01
 2.35884354e-01 1.34761905e-01 1.59217687e+00 1.50442177e-01
 1.28095238e+00 1.08537415e-01 1.43095238e-01 1.74965986e-01
 6.74319728e-01 1.47482993e-01 1.69047619e-02 1.31972789e-02
 9.42176871e-03 2.05442177e-02 1.15986395e-02 1.97278912e-03
 8.02380952e-02 2.99319728e-03 2.27551020e-02 5.28911565e-02
 1.33741497e-01 1.18027211e-02 2.01020408e-02 2.34353741e-02
 3.69727891e-02 8.75850340e-02 1.75510204e-02 1.35034014e-02
 6.19047619e-02 1.19523810e-01 1.02040816e-02 2.15306122e-02
 8.57176871e-02 1.60755102e-01 1.54455782e-02 5.55755102e-01
 1.58544218e-01 4.96360544e-02 8.38978571e+00 1.16826531e+02
 6.38921769e+02 6.19047619e-01]
Centroid 7:-[5.16749585e-02 4.63971808e-01 1.82346600e-01 0.00000000e+00
 2.32611940e-01 3.74792703e-02 3.07379768e-02 4.06799337e-02
 1.64842454e-02 1.11575456e-01 6.81592040e-03 4.45273632e-01
 4.54228856e-02 5.45522388e-02 2.91873964e-03 1.80547264e-01
 2.22388060e-02 1.09593698e-01 1.62097844e+00 2.46434494e-02
 4.29477612e-01 0.00000000e+00 8.54063018e-03 6.00746269e-02
 5.76509121e-01 2.73839138e-01 2.48840796e+00 8.92205638e-02
 1.90199005e-01 1.02985075e-01 8.56965174e-02 6.22553897e-02
 8.15754561e-02 6.22553897e-02 1.05215589e-01 8.98590381e-02
 6.01741294e-02 3.03814262e-02 6.39054726e-02 6.66915423e-02
 6.80265340e-02 3.15912106e-01 2.14842454e-02 1.41583748e-01
 6.20655058e-01 2.51525705e-01 5.06633499e-03 4.55223881e-02
 1.89825871e-02 1.07200663e-01 1.61625207e-02 2.01065506e-01
 9.12769486e-03 5.17164179e-03 1.59873134e+00 4.32504146e+00
 1.63839138e+01 9.70149254e-02]
Centroid 8:-[1.212750e-01 1.378500e-01 3.249500e-01 3.220250e-01 3.982000e-01
 1.210500e-01 2.135000e-01 1.571500e-01 1.727000e-01 3.013750e-01
 1.054500e-01 5.694000e-01 1.002000e-01 3.075000e-02 4.027500e-02
 2.857000e-01 3.018500e-01 2.121750e-01 1.688575e+00 1.485000e-01
 9.321500e-01 5.877250e-01 1.622250e-01 1.086750e-01 4.859750e-01
 1.717000e-01 7.790000e-02 4.820000e-02 3.330000e-02 3.737500e-02
 4.242500e-02 1.372500e-02 5.237500e-02 1.427500e-02 4.672500e-02
 6.197500e-02 1.458500e-01 1.867500e-02 3.492500e-02 8.142500e-02
 2.405000e-02 3.675000e-02 2.560000e-02 2.402500e-02 9.952500e-02
 1.095750e-01 9.725000e-03 2.422500e-02 1.471700e-01 1.416975e-01
 1.574000e-02 2.691525e-01 1.159525e-01 1.032000e-01 7.345265e+00
 7.089250e+01 3.848225e+02 5.950000e-01]
Centroid 9:-[2.86666667e-01 1.41666667e-01 2.79814815e-01 8.22222222e-02
 7.46296296e-02 9.98148148e-02 1.94444444e-02 1.34074074e-01
 2.19444444e-01 3.81666667e-01 1.36481481e-01 5.95740741e-01
 3.14814815e-01 6.10000000e-01 2.40740741e-02 1.48518519e-01
 2.58333333e-01 1.19814815e-01 1.76814815e+00 4.18518519e-02
 8.10555556e-01 2.90740741e-02 4.15740741e-01 2.69629630e-01
 1.30555556e-01 1.01851852e-01 5.00000000e-03 1.66666667e-03
 2.22222222e-03 3.33333333e-03 0.00000000e+00 0.00000000e+00
 3.42407407e-01 0.00000000e+00 0.00000000e+00 3.61111111e-02
 2.30185185e-01 2.22222222e-03 5.74074074e-03 3.25925926e-02
 2.44444444e-02 7.77777778e-03 5.74074074e-03 1.64814815e-02
 4.81481481e-02 6.09259259e-02 8.88888889e-03 5.44444444e-02
 3.61481481e-02 1.22777778e-01 1.09074074e-02 2.31018519e-01
 3.07685185e-01 8.13518519e-02 6.30620370e+00 1.97740741e+02
 3.26150000e+03 7.22222222e-01]
Centroid 10:-[9.60000e-02 8.00000e-03 1.96000e-01 8.00000e-03 9.20000e-02 1.18000e-01
 0.00000e+00 5.80000e-02 5.80000e-02 1.88000e-01 7.40000e-02 8.20000e-02
 7.20000e-02 0.00000e+00 3.80000e-02 8.80000e-02 7.80000e-02 7.60000e-02
 6.08000e-01 8.00000e-03 2.42000e-01 1.90600e+00 1.38000e-01 1.10000e-01
 0.00000e+00 0.00000e+00 0.00000e+00 0.00000e+00 0.00000e+00 0.00000e+00
 0.00000e+00 0.00000e+00 0.00000e+00 2.80000e-02 0.00000e+00 8.00000e-03
 0.00000e+00 0.00000e+00 1.60000e-02 0.00000e+00 0.00000e+00 0.00000e+00
 0.00000e+00 0.00000e+00 3.80000e-02 0.00000e+00 0.00000e+00 0.00000e+00
 4.30200e-01 2.00940e+00 9.00000e-03 3.92400e-01 3.75000e-01 4.02400e-01
 5.75034e+01 2.29780e+03 1.06488e+04 1.00000e+00]
